45897
50058
50086
50155
50182
50247
50682
53518
53556
53692
53737
53782
53825
53864
53900
53944
53992
54041
54094
54145
54182
54231
54275
54324
54373
54426
54477
54522
54567
54612
54657
54702
54747
54792
54843
54889
54934
54984
55029
55075
55113
55161
55220
55273
55323
55377
55441
55507
55576
55635
55689
55734
55789
55850
55910
55964
59859
59899
63779
67536
67586
144449
146391
146507
146780
146975
147242
147504
147893
148206
148524
148670
148797
149074
149258
149431
149612
149807
149988
150166
150343
150418
150600
150780
150970
151146
151348
151609
151856
152127
152448
152697
152924
153000
153193
153408
153855
154055
154241
154436
154621
162322
162487
162727
164958
171693
176164
181576
