11
57
110
159
222
271
318
359
412
465
511
558
622
671
732
791
842
895
946
996
1041
1072
1121
45897
50019
50058
50086
50114
50155
50182
50247
50320
50682
53518
53556
53692
53737
53782
53825
53864
53900
53944
53992
54041
54094
54145
54182
54231
54275
54324
54373
54426
54477
54522
54567
54612
54657
54702
54747
54792
54843
54889
54934
54984
55029
55075
55113
55161
55220
55273
55323
55377
55441
55507
55576
55635
55689
55734
55789
55850
55910
55964
58077
59820
59859
59899
60920
63578
63662
63738
63779
67536
67586
71056
85283
85372
85443
85551
85606
85697
85784
85890
85927
85962
86195
86480
86775
86822
86875
86920
86981
87030
87075
87134
87180
87223
87264
87305
87611
87739
87773
87817
87920
87999
88046
88144
88193
88411
88454
88499
88566
88613
88664
88711
88761
88806
88845
88903
88983
89087
89155
89202
89281
89475
89524
89589
89683
89738
89925
89973
90064
90551
90604
90666
90719
90764
90809
90848
90968
91042
91143
91191
91249
91290
91987
92077
92131
92196
92276
92346
92376
92452
92500
92561
92603
92652
92698
92743
92790
93031
93088
93147
93249
93296
93399
93452
93518
93559
93590
93651
93769
93812
93843
93901
93942
93973
94014
94049
94084
94589
94660
94709
94804
94851
94891
95192
95238
95401
95462
95499
95686
95784
95827
95920
95980
96047
96126
96158
96226
96440
96510
96572
96606
96641
96792
96906
96958
97263
97698
97738
97887
97940
97979
98024
98070
98152
98203
98286
98336
98373
98485
98541
98587
98770
98829
98899
98972
99023
99071
99110
99192
99229
99305
99663
99713
99994
100165
100210
100264
100357
100464
100610
100667
100713
100765
100825
100984
101033
101120
101156
101193
101278
101318
101379
101475
101549
101645
101709
101742
101777
102040
102216
102276
102319
102921
105263
105306
105613
106068
106357
106413
106475
106551
106880
107663
107710
107815
107898
108678
108858
108906
109534
109848
109981
110310
110411
110446
110873
111052
111085
111144
111233
111372
111695
114570
114715
115829
116121
116330
116471
116516
116580
116885
116926
116969
117002
119984
120549
120866
121115
121190
121297
121532
121579
121628
122118
122162
122362
122429
122490
122537
122590
122662
122716
122941
123003
123064
123121
123168
123217
123315
123769
123835
125184
125297
125399
125515
125579
129516
129553
129598
129760
130975
131114
131159
131214
131262
132616
132929
133005
133563
133608
133655
133767
133946
134314
134453
134490
134533
136809
137065
137384
138692
139118
139217
139347
139439
139490
139545
139582
139621
139662
139715
139760
139801
140120
140167
142902
143924
144243
144449
145023
145276
145347
145398
145469
145520
145580
145633
145691
145733
146391
146507
146780
146975
147242
147504
147893
148206
148524
148670
148797
149074
149258
149431
149612
149807
149988
150166
150343
150418
150600
150780
150970
151146
151348
151609
151856
152127
152448
152697
152924
153000
153193
153408
153855
154055
154241
154436
154621
155712
155975
156022
156071
156155
156539
156651
156828
156933
157056
157179
157324
157455
157584
157797
157984
158082
158166
158267
158646
158692
158768
158819
158871
159182
159270
159579
159658
159731
159925
159988
160094
160175
160339
160464
160522
160576
160636
160679
160728
160779
160829
160879
160927
161024
161068
161489
161527
161577
162322
162487
162727
162945
164412
164515
164590
164958
166350
166387
166559
166597
166641
166738
167066
167148
167389
167442
167491
167544
167595
168027
168253
168386
168481
168837
168876
168963
169008
169047
169362
169448
169816
170044
170161
170402
170449
170486
170527
170585
170627
170721
170775
170913
171044
171377
171416
171458
171498
171549
171607
171653
171693
173182
174028
174087
174134
174169
174206
174564
174684
174977
175029
175075
175146
175189
175240
175279
175447
175500
175744
175853
175907
176164
176311
176385
176432
176515
176559
176611
176753
176859
176903
176946
176999
177117
177492
177549
177724
177773
177891
177937
178035
178083
178128
178209
178254
178445
178887
178931
178978
179260
179323
179429
179531
179576
179674
179724
179820
179976
180037
180133
180174
180226
180271
180322
180649
180750
180801
180911
180960
181033
181090
181137
181182
181538
181576
181872
181968
182017
182070
182152
182211
182244
182308
182354
182391
182453
182500
182634
182678
182943
183252
183291
183336
183614
183714
183755
183801
183888
186396
186474
186519
186580
186640
186940
186980
187026
187074
187133
187194
187257
187376
187424
187461
187560
187763
187802
187843
187882
187944
187981
188290
188526
188655
188766
188821
188896
189010
189045
189082
189121
189164
189367
189416
189460
189498
189537
189584
189690
189733
189797
189918
189953
192009
192066
192109
192146
192187
192239
192283
192324
192388
192481
192894
192949
