1190
1227
1585
1632
1683
1731
1783
1827
1875
1924
1977
2025
2077
2127
2178
2239
2339
2390
2494
2550
2658
2720
3040
3109
3172
3247
3322
3442
3507
3645
3716
3787
3851
3915
3976
4036
4096
4179
4255
4327
4398
4470
4555
4640
4725
4802
4879
4956
5033
5110
5180
5250
5320
5390
5458
5526
5594
5661
5728
5791
5854
5917
5980
6046
6112
6178
6244
6310
6376
6445
6514
6579
6644
6709
6774
6839
6902
6968
7034
7100
7166
7232
7298
7358
7418
7488
7610
7687
8061
8233
8324
8745
8877
9174
9287
9392
9503
9600
9704
9810
9925
10107
10223
10313
10399
10479
10837
10945
11263
11381
11494
11614
11732
11845
11958
12060
12160
12259
12357
12463
12561
12827
12920
13172
13265
13517
13610
13896
14417
14581
15591
15752
15927
16084
16342
16611
16705
16932
17020
17112
17202
17288
17392
17558
17647
17738
17975
18055
18157
18268
18372
18545
18623
18716
18810
18909
19008
19109
19210
19320
19430
19528
19624
19722
19821
19924
20020
20118
20217
20266
20316
20425
20493
20551
20726
20787
20861
20933
21005
21072
21137
21202
21263
21327
21391
21452
21515
21577
21640
21700
21775
21848
21928
21988
22048
22123
22198
22280
22362
22431
22499
22558
22617
22676
22735
22794
22861
22928
22991
23054
23117
23183
23260
23331
23402
23470
23543
23616
23695
23767
23837
23905
23972
24036
24104
24176
24284
24345
24472
24540
24604
24664
24731
24794
24850
24911
24978
25037
25104
25166
25226
25289
25363
25437
25496
25828
25884
25941
25998
26052
26119
26178
26242
26403
26486
26588
26664
26736
26809
26883
26949
27021
27086
27150
27214
27288
27341
27401
27464
27519
27578
27638
27696
27757
27815
27873
27930
27989
28040
28103
28173
28238
28312
28381
28447
28508
28588
28665
28740
28810
28880
28945
29016
29082
29152
29217
29286
29364
29433
29507
29577
29642
29705
29773
29830
29889
29952
30020
30084
30148
30217
30267
30327
30446
30518
30594
30661
30731
30794
30857
30917
30992
31066
31134
31205
31268
31343
31411
31474
31558
31625
31681
31733
31791
31851
31910
31971
32035
32098
32161
32227
32285
32343
32405
32462
32521
32585
32638
32698
32768
32835
32889
32938
33007
33066
33133
33196
33256
33321
33378
33450
33510
33566
33625
33680
33750
33808
33865
33933
33997
34058
34132
34198
34262
34330
34394
34467
34536
34600
34659
34716
34776
34834
34897
34961
35032
35093
35151
35209
35272
35327
35402
35462
35522
35582
35649
35710
35760
35810
35863
35918
35982
36048
36113
36167
36228
36283
36345
36418
36478
36551
36624
36698
36773
36846
36921
36997
37071
37146
37220
37303
37378
37455
37514
37575
37639
37706
37789
37853
37918
37975
38037
38100
38157
38225
38295
38350
38408
38465
38525
38586
38653
38708
38762
38833
38903
38958
39012
39067
39127
39188
39243
39311
39364
39421
39479
39551
39614
39677
39792
39953
39992
40031
40069
40158
40214
40274
40315
40361
40413
40451
40493
40542
40595
40649
40707
40761
40819
40873
40931
40984
41041
41084
41131
41226
41271
41316
41370
41427
41481
41535
41589
41643
41700
41757
41811
41868
41922
41979
42036
42086
42134
42182
42292
42356
42419
42552
42624
42702
42779
42929
42983
43081
43139
43406
43485
43552
43630
43703
43773
43844
43909
43985
44061
44127
44212
44286
44357
44426
44496
44588
44659
44727
44807
44875
44949
45025
45098
45155
45212
45262
45313
45360
45415
45515
45573
45624
45673
45721
45768
45849
46957
47061
47164
47267
47371
47474
47577
47680
47783
47886
48062
48166
48268
48371
48474
48578
48681
48784
48887
48989
49091
49194
49298
49402
49504
49607
49710
49813
49916
50375
50478
50580
50737
50839
50941
51044
51148
51252
51354
51456
51560
51663
51766
51869
51972
52074
52176
52279
52383
52485
52588
52692
52796
52899
53002
53105
53209
53312
53415
53590
56018
56122
56224
56327
56430
56533
56635
56737
56840
56943
57044
57147
57250
57353
57457
57561
57664
57766
57870
57973
58128
58231
58333
58436
58539
58642
58790
58893
58994
59097
59201
59304
59408
59511
59614
59716
60715
60818
60961
61065
61169
61271
61374
61477
61581
61684
61787
61890
61994
62096
62199
62303
62342
62446
62548
62650
62753
62857
62961
63064
63167
63270
63372
63475
63613
63823
63926
64029
64132
64233
64337
64440
64543
64645
64748
64852
64955
65059
65160
65263
65366
65469
65573
65677
65780
65883
65986
66089
66193
66297
66400
66504
66607
66710
66812
66915
67018
67122
67225
67329
67433
67655
67759
67861
67965
68068
68172
68275
68378
68482
68585
68688
68791
68894
68998
69101
69204
69307
69410
69512
69616
69719
69821
69924
70026
70129
70232
70335
70439
70541
70645
70748
70851
70953
71353
71456
71558
71661
71763
71865
71968
72070
72173
72276
72379
72482
72586
72689
72793
72896
72998
73100
73203
73306
73410
73513
73616
73719
73822
73925
74028
74131
74235
74339
74442
74546
74648
74751
74854
74957
75060
75163
75267
75370
75474
75577
75681
75784
75887
75991
76094
76196
76299
76402
76505
76608
76711
76813
76917
77019
77121
77224
77328
77431
77534
77637
77741
77844
77947
78050
78152
78255
78358
78461
78563
78737
78841
78944
79047
79151
79254
79357
79460
79563
79666
80023
80126
80228
80332
80436
80540
80643
80746
80848
80952
81056
81159
81263
81364
81468
81571
81675
81778
81881
81985
82088
82191
82292
82396
82499
82602
82706
82809
82912
83015
83118
83222
83326
83429
83532
83635
83739
83843
83946
84050
84153
84256
84359
84462
84565
84668
84770
84873
84975
85077
85181
85643
85742
87700
88239
88293
88361
89374
89427
89638
89795
89859
90922
91002
92828
92879
92930
92971
95267
95306
95355
95534
95876
96294
96332
96384
98619
98673
98720
100312
100419
100871
100938
101847
101890
101945
102374
102516
102613
102710
102873
103306
103409
103512
103615
103718
103821
103923
104026
104129
104232
104335
104438
104541
104644
104747
104849
104952
105055
105159
105366
105409
105511
105656
105758
105861
105964
106117
106220
106265
106311
106939
107042
107146
107249
107352
107454
107557
107609
107772
108622
108712
108806
109243
109302
109361
109420
109477
109592
109644
109696
109748
109798
110365
110591
110689
110739
110779
110820
110966
111007
111186
111742
111845
111946
112049
112152
112254
112358
112462
112563
112666
112769
112872
112976
113079
113183
113286
113388
113492
113595
113698
113800
113903
114005
114108
114211
114314
114424
114528
114613
114774
114877
114981
115083
115186
115289
115393
115573
115676
115780
115868
115914
116018
116158
116375
116427
117041
117144
117246
117349
117452
117556
117659
117763
117866
117970
118074
118177
118280
118383
118484
118587
118690
118809
118912
119016
119118
119221
119324
119426
119529
119632
119734
119837
119940
120033
120137
120241
120344
120446
120920
121067
121251
121339
121388
121435
121485
122203
122250
122310
122807
122853
122901
123266
123362
123410
123457
123506
123555
123604
123656
123715
123884
123947
124005
124060
124110
124179
124244
124310
124374
124433
124492
124546
124606
124661
124720
124774
124832
124899
124957
125020
125079
125133
125245
125356
125468
125621
125752
125855
125958
126061
126164
126268
126371
126475
126579
126683
126786
126889
126992
127094
127197
127300
127404
127507
127610
127713
127816
127919
128023
128127
128229
128331
128435
128537
128641
128744
128847
128951
129054
129157
129260
129363
129413
129470
129712
129811
129857
129961
130014
130068
130171
130274
130376
130413
130455
130558
130666
130770
130873
131022
131070
131314
131366
131423
131476
131529
131587
131638
131679
131720
131770
131823
131873
131923
131973
132023
132076
132129
132179
132232
132282
132335
132388
132436
132482
132526
132570
133049
133153
133254
133357
133460
133849
133907
133987
134034
134077
134127
134218
134265
134359
134584
134846
134950
135053
135157
135260
135364
135466
135570
135672
135775
135879
135983
136085
136189
136292
136395
136499
136602
136706
136858
136961
137455
137559
137662
137765
137868
137970
138073
138176
138279
138383
138485
138588
138732
138781
138833
138881
138929
138977
139024
139072
140276
140379
140482
140585
140688
140791
140895
140998
141102
141204
141307
141409
141513
141616
141719
141822
141925
142028
142131
142235
142338
142441
142544
142647
142751
142799
143205
143307
143409
143512
143616
143718
143822
144301
144347
144545
144643
144746
144849
144902
144967
145772
145831
145883
146207
146256
146327
147100
147713
147776
147833
148094
148146
148395
148456
148606
151552
152075
152624
153538
153672
154376
154831
154882
154927
154968
155015
155110
155158
155208
155261
155313
155365
155420
155467
155514
155565
155611
155659
155769
155811
155860
155919
156111
156458
156501
158574
158608
159781
159826
159884
160239
160281
160976
161612
161668
161713
161773
161831
161896
161944
161996
162045
162099
162145
162206
162886
163032
163081
163123
163168
163213
163273
163333
163400
163467
163510
163562
163607
163655
163699
163758
163805
163851
163908
163961
164011
164074
164129
164182
164239
164292
164354
164663
164716
164770
164859
164905
165056
165105
165152
165204
165257
165317
165367
165414
165461
165606
165650
165714
165765
165814
165863
165912
165956
166000
166044
166088
166125
166166
166222
166272
166311
166434
166476
166515
166694
166779
166827
166872
166920
166963
167013
167334
167918
167973
168073
168116
168166
168208
168336
168516
168575
168636
168697
168767
168919
169864
169915
169982
170267
170344
170670
170959
171000
171864
171920
171978
172037
172086
172148
172210
172291
172353
172416
172480
172542
172597
172661
172726
172789
172853
172916
172988
173052
173253
173297
173341
173389
173440
173490
173542
173595
173640
173691
173735
173788
173831
173874
173930
173983
174515
174733
174786
174835
174878
174929
175322
175394
175547
175601
175653
175971
176019
176066
176112
176652
176706
176796
177048
177442
177611
177673
177987
178342
178393
179023
179076
179124
179169
179217
179485
179763
179865
180089
180703
180866
181236
181281
181330
181380
181434
181484
181667
181713
181762
181912
182547
182590
182751
182801
182855
182897
183383
183426
183475
183528
183569
183669
183974
184017
184090
184163
184236
184301
184366
184431
184496
184561
184619
184677
184735
184793
184849
184905
184961
185016
185071
185122
185173
185224
185275
185329
185383
185437
185491
185545
185599
185656
185713
185766
185819
185872
185925
185978
186029
186083
186137
186191
186245
186299
186353
186685
186741
186799
186858
186897
188608
188706
188951
189212
189264
189312
189627
189874
190024
190072
190120
190168
190216
190264
190307
190358
190402
190448
190497
190547
190609
190665
190721
190774
190818
190875
190917
190975
191033
191091
191149
191195
191242
191306
191363
191418
191471
191523
191572
191625
191682
191729
191782
191844
191905
191957
192430
192527
192585
192643
192700
192757
192804
192844
