1156
1268
1533
2294
2445
2604
2776
2824
2870
2987
3375
3589
7558
7771
7823
7906
7986
8149
8415
8505
8623
9002
9085
10020
10566
10651
10740
11053
11156
12664
12741
13009
13086
13354
13431
13699
13793
14006
14115
14263
14738
14840
14950
15064
15182
15311
15448
16236
16447
16524
16794
16855
17480
17818
17897
18469
20374
20611
20667
24231
24410
25551
26300
30390
39739
39850
39904
40119
41173
42232
42486
42881
43040
43199
43244
43293
43346
45464
45813
95609
101988
102420
102467
102564
102661
102758
102824
108760
109848
110591
110922
111280
116261
121023
121115
121949
121996
122071
122767
125668
125709
129666
130506
133722
133767
134173
134404
139172
139294
139392
140234
145935
155064
160339
162266
162945
164818
167105
167189
168431
169490
169764
170200
171809
173118
175705
178254
179323
179633
179924
182109
183927
187308
188565
189834
193002
