62303
63613
85643
85742
87700
88239
88293
88361
89374
89427
89638
89795
89859
90922
91002
92828
92879
92930
92971
95267
95306
95355
95534
95609
95876
96294
96332
96384
98619
98673
98720
100312
100419
100871
100938
101847
101890
101945
101988
102374
102420
102467
102516
102564
102613
102661
102710
102758
102824
102873
105366
106220
106265
106311
107557
107609
107772
108622
108712
108760
108806
109243
109302
109361
109420
109477
109592
109644
109696
109748
109798
109848
110365
110591
110591
110689
110739
110779
110820
110922
110966
111007
111186
111280
114528
115780
115868
116261
116375
116427
119940
121023
121067
121115
121251
121339
121388
121435
121485
121949
121996
122071
122203
122250
122310
122767
122807
122853
122901
123266
123362
123410
123457
123506
123555
123604
123656
123715
123884
123947
124005
124060
124110
124179
124244
124310
124374
124433
124492
124546
124606
124661
124720
124774
124832
124899
124957
125020
125079
125133
125245
125356
125468
125621
125668
125709
129363
129413
129470
129666
129712
129811
129961
130014
130376
130413
130455
130506
131022
131070
131314
131366
131423
131476
131529
131587
131638
131679
131720
131770
131823
131873
131923
131973
132023
132076
132129
132179
132232
132282
132335
132388
132436
132482
132526
132570
133722
133767
133849
133907
133987
134034
134077
134127
134173
134218
134265
134359
134404
138732
138781
138833
138881
138929
138977
139024
139072
139172
139294
139392
140234
142751
144301
144545
144849
144902
144967
145772
145831
145883
145935
146207
146256
146327
147100
147713
147776
147833
148094
148146
148395
148456
148606
151552
152075
152624
153538
153672
154376
154831
154882
154927
154968
155015
155064
155110
155158
155208
155261
155313
155365
155420
155467
155514
155565
155611
155659
155769
155811
155860
155919
156111
156458
156501
158574
158608
159781
159826
159884
160239
160281
160339
160976
161612
161668
161713
161773
161831
161896
161944
161996
162045
162099
162145
162206
162266
162886
162945
163032
163081
163123
163168
163213
163273
163333
163400
163467
163510
163562
163607
163655
163699
163758
163805
163851
163908
163961
164011
164074
164129
164182
164239
164292
164354
164663
164716
164770
164818
164859
164905
165056
165105
165152
165204
165257
165317
165367
165414
165461
165606
165650
165714
165765
165814
165863
165912
165956
166000
166044
166088
166125
166166
166222
166272
166311
166434
166476
166515
166694
166779
166827
166872
166920
166963
167013
167105
167189
167334
167918
167973
168073
168116
168166
168208
168336
168431
168516
168575
168636
168697
168767
168919
169490
169764
169864
169915
169982
170200
170267
170344
170670
170959
171000
171809
171864
171920
171978
172037
172086
172148
172210
172291
172353
172416
172480
172542
172597
172661
172726
172789
172853
172916
172988
173052
173118
173253
173297
173341
173389
173440
173490
173542
173595
173640
173691
173735
173788
173831
173874
173930
173983
174515
174733
174786
174835
174878
174929
175322
175394
175547
175601
175653
175705
175971
176019
176066
176112
176652
176706
176796
177048
177442
177611
177673
177987
178254
178342
178393
179023
179076
179124
179169
179217
179323
179485
179633
179763
179865
179924
180089
180703
180866
181236
181281
181330
181380
181434
181484
181667
181713
181762
181912
182109
182547
182590
182751
182801
182855
182897
183383
183426
183475
183528
183569
183669
183927
183974
184017
184090
184163
184236
184301
184366
184431
184496
184561
184619
184677
184735
184793
184849
184905
184961
185016
185071
185122
185173
185224
185275
185329
185383
185437
185491
185545
185599
185656
185713
185766
185819
185872
185925
185978
186029
186083
186137
186191
186245
186299
186353
186685
186741
186799
186858
186897
187308
188565
188608
188706
188951
189212
189264
189312
189627
189834
189874
190024
190072
190120
190168
190216
190264
190307
190358
190402
190448
190497
190547
190609
190665
190721
190774
190818
190875
190917
190975
191033
191091
191149
191195
191242
191306
191363
191418
191471
191523
191572
191625
191682
191729
191782
191844
191905
191957
192430
192527
192585
192643
192700
192757
192804
192844
193002
