1156
1190
1227
1268
1533
1585
1632
1683
1731
1783
1827
1875
1924
1977
2025
2077
2127
2178
2239
2294
2339
2390
2445
2494
2550
2604
2658
2720
2776
2824
2870
2987
3040
3109
3172
3247
3322
3375
3442
3507
3589
3645
3716
3787
3851
3915
3976
4036
4096
4179
4255
4327
4398
4470
4555
4640
4725
4802
4879
4956
5033
5110
5180
5250
5320
5390
5458
5526
5594
5661
5728
5791
5854
5917
5980
6046
6112
6178
6244
6310
6376
6445
6514
6579
6644
6709
6774
6839
6902
6968
7034
7100
7166
7232
7298
7358
7418
7488
7558
7610
7687
7771
7823
7906
7986
8061
8149
8233
8324
8415
8505
8623
8745
8877
9002
9085
9174
9287
9392
9503
9600
9704
9810
9925
10020
10107
10223
10313
10399
10479
10566
10651
10740
10837
10945
11053
11156
11263
11381
11494
11614
11732
11845
11958
12060
12160
12259
12357
12463
12561
12664
12741
12827
12920
13009
13086
13172
13265
13354
13431
13517
13610
13699
13793
13896
14006
14115
14263
14417
14581
14738
14840
14950
15064
15182
15311
15448
15591
15752
15927
16084
16236
16342
16447
16524
16611
16705
16794
16855
16932
17020
17112
17202
17288
17392
17480
17558
17647
17738
17818
17897
17975
18055
18157
18268
18372
18469
18545
18623
18716
18810
18909
19008
19109
19210
19320
19430
19528
19624
19722
19821
19924
20020
20118
20217
20266
20316
20374
20425
20493
20551
20611
20667
20726
20787
20861
20933
21005
21072
21137
21202
21263
21327
21391
21452
21515
21577
21640
21700
21775
21848
21928
21988
22048
22123
22198
22280
22362
22431
22499
22558
22617
22676
22735
22794
22861
22928
22991
23054
23117
23183
23260
23331
23402
23470
23543
23616
23695
23767
23837
23905
23972
24036
24104
24176
24231
24284
24345
24410
24472
24540
24604
24664
24731
24794
24850
24911
24978
25037
25104
25166
25226
25289
25363
25437
25496
25551
25828
25884
25941
25998
26052
26119
26178
26242
26300
26403
26486
26588
26664
26736
26809
26883
26949
27021
27086
27150
27214
27288
27341
27401
27464
27519
27578
27638
27696
27757
27815
27873
27930
27989
28040
28103
28173
28238
28312
28381
28447
28508
28588
28665
28740
28810
28880
28945
29016
29082
29152
29217
29286
29364
29433
29507
29577
29642
29705
29773
29830
29889
29952
30020
30084
30148
30217
30267
30327
30390
30446
30518
30594
30661
30731
30794
30857
30917
30992
31066
31134
31205
31268
31343
31411
31474
31558
31625
31681
31733
31791
31851
31910
31971
32035
32098
32161
32227
32285
32343
32405
32462
32521
32585
32638
32698
32768
32835
32889
32938
33007
33066
33133
33196
33256
33321
33378
33450
33510
33566
33625
33680
33750
33808
33865
33933
33997
34058
34132
34198
34262
34330
34394
34467
34536
34600
34659
34716
34776
34834
34897
34961
35032
35093
35151
35209
35272
35327
35402
35462
35522
35582
35649
35710
35760
35810
35863
35918
35982
36048
36113
36167
36228
36283
36345
36418
36478
36551
36624
36698
36773
36846
36921
36997
37071
37146
37220
37303
37378
37455
37514
37575
37639
37706
37789
37853
37918
37975
38037
38100
38157
38225
38295
38350
38408
38465
38525
38586
38653
38708
38762
38833
38903
38958
39012
39067
39127
39188
39243
39311
39364
39421
39479
39551
39614
39677
39739
39792
39850
39904
39953
39992
40031
40069
40119
40158
40214
40274
40315
40361
40413
40451
40493
40542
40595
40649
40707
40761
40819
40873
40931
40984
41041
41084
41131
41173
41226
41271
41316
41370
41427
41481
41535
41589
41643
41700
41757
41811
41868
41922
41979
42036
42086
42134
42182
42232
42292
42356
42419
42486
42552
42624
42702
42779
42881
42929
42983
43040
43081
43139
43199
43244
43293
43346
43406
43485
43552
43630
43703
43773
43844
43909
43985
44061
44127
44212
44286
44357
44426
44496
44588
44659
44727
44807
44875
44949
45025
45098
45155
45212
45262
45313
45360
45415
45464
45515
45573
45624
45673
45721
45768
45813
45849
