46957
47061
47164
47267
47371
47474
47577
47680
47783
47886
47990
48062
48166
48268
48371
48474
48578
48681
48784
48887
48989
49091
49194
49298
49402
49504
49607
49710
49813
49916
50375
50478
50580
50737
50839
50941
51044
51148
51252
51354
51456
51560
51663
51766
51869
51972
52074
52176
52279
52383
52485
52588
52692
52796
52899
53002
53105
53209
53312
53415
53590
56018
56122
56224
56327
56430
56533
56635
56737
56840
56943
57044
57147
57250
57353
57457
57561
57664
57766
57870
57973
58128
58231
58333
58436
58539
58642
58642
58790
58893
58994
59097
59201
59304
59408
59511
59614
59716
60715
60818
60961
61065
61169
61271
61374
61477
61581
61684
61787
61890
61994
62096
62199
62342
62446
62548
62650
62753
62857
62961
63064
63167
63270
63372
63475
63823
63926
64029
64132
64233
64337
64440
64543
64645
64748
64852
64955
65059
65160
65263
65366
65469
65573
65677
65780
65883
65986
66089
66193
66297
66400
66504
66607
66710
66812
66915
67018
67122
67225
67329
67433
67655
67759
67861
67965
68068
68172
68275
68378
68482
68585
68688
68791
68894
68998
69101
69204
69307
69410
69512
69616
69719
69821
69924
70026
70129
70232
70335
70439
70541
70645
70748
70851
70953
71353
71456
71558
71661
71763
71865
71968
72070
72173
72276
72379
72482
72586
72689
72793
72896
72998
73100
73203
73306
73410
73513
73616
73719
73822
73925
74028
74131
74235
74339
74442
74546
74648
74751
74854
74957
75060
75163
75267
75370
75474
75577
75681
75784
75887
75991
76094
76196
76299
76402
76505
76608
76711
76813
76917
77019
77121
77224
77328
77431
77534
77637
77741
77844
77947
78050
78152
78255
78358
78461
78563
78666
78737
78841
78944
79047
79151
79254
79357
79460
79563
79666
79770
80023
80126
80228
80332
80436
80540
80643
80746
80848
80952
81056
81159
81263
81364
81468
81571
81675
81778
81881
81985
82088
82191
82292
82396
82499
82602
82706
82809
82912
83015
83118
83222
83326
83429
83532
83635
83739
83843
83946
84050
84153
84256
84359
84462
84565
84668
84770
84873
84975
85077
85181
103306
103409
103512
103615
103718
103821
103923
104026
104129
104232
104335
104438
104541
104644
104747
104849
104952
105055
105159
105409
105511
105656
105758
105861
105964
106117
106939
107042
107146
107249
107352
107454
111742
111845
111946
112049
112152
112254
112358
112462
112563
112666
112769
112872
112976
113079
113183
113286
113388
113492
113595
113698
113800
113903
114005
114108
114211
114314
114424
114613
114774
114877
114981
115083
115186
115289
115393
115496
115573
115676
115914
116018
116158
117041
117144
117246
117349
117452
117556
117659
117763
117866
117970
118074
118177
118280
118383
118484
118587
118690
118809
118912
119016
119118
119221
119324
119426
119529
119632
119734
119837
120033
120137
120241
120344
120446
120920
125752
125855
125958
126061
126164
126268
126371
126475
126579
126683
126786
126889
126992
127094
127197
127300
127404
127507
127610
127713
127816
127919
128023
128127
128229
128331
128435
128537
128641
128744
128847
128951
129054
129157
129260
129857
130068
130171
130274
130558
130666
130770
130873
133049
133153
133254
133357
133460
134584
134687
134846
134950
135053
135157
135260
135364
135466
135570
135672
135775
135879
135983
136085
136189
136292
136395
136499
136602
136706
136858
136961
137455
137559
137662
137765
137868
137970
138073
138176
138279
138383
138485
138588
140276
140379
140482
140585
140688
140791
140895
140998
141102
141204
141307
141409
141513
141616
141719
141822
141925
142028
142131
142235
142338
142441
142544
142647
142799
143205
143307
143409
143512
143616
143718
143822
144347
144643
144746
