144449
144585
146391
146507
146630
146707
146780
146902
146975
147164
147242
147432
147504
147638
147893
148017
148206
148322
148670
148797
148926
149002
149074
149189
149258
149363
149431
149543
149612
149735
149807
149920
149988
150096
150166
150274
150418
150531
150600
150714
150780
150901
150970
151077
151146
151270
151348
151476
151609
151763
151856
151992
152127
152375
152448
152555
152697
152836
153000
153118
153193
153326
153408
153594
153731
153790
153855
153978
154055
154169
154241
154762
162322
162429
162487
162607
162727
162830
164958
165513
176164
176259
181576
181812
